Kareem Abdul-Jabbar*  C	38,387	17,440	5,660	 6 (1971, 1980, 1982, 1985, 1987, 1988)	 6 (1971, 1972, 1974, 1976, 1977, 1980)	 2 (1971, 1985)	19	1995	[5]
Nate Archibald*		G	16,481	2,046	6,476	 1 (1981)	 None	 None	6	1991	[6]
Paul Arizin*		F/G	16,266	6,129	1,665	 1 (1956)	 None	 None	10	1978	[7]
Charles Barkley*	F	23,757	12,546	4,215	 None	 1 (1993)	 None	11	2006	[8]
Rick Barry*		F	18,395	5,168	4,017	 1 (1975)	 None	 1 (1975)	8	1987	[9]
Elgin Baylor*		F	23,149	11,463	3,650	 None	 None	 None	11	1977	[10]
Dave Bing*		G	18,327	3,420	5,397	 None	 None	 None	7	1990	[11]
Larry Bird*		F	21,791	8,974	5,695	 3 (1981, 1984, 1986)	 3 (1984, 1985, 1986)	 2 (1984, 1986)	12	1998	[12]
Wilt Chamberlain*	C	31,419	23,924	4,643	 2 (1967, 1972)	 4 (1960, 1966, 1967, 1968)	 1 (1972)	13	1979	[13]
Bob Cousy*		G	16,960	4,786	6,955	 6 (1957, 1959, 1960, 1961, 1962, 1963)	 1 (1957)	 None	13	1971	[14]
Dave Cowens*		C/F	13,516	10,444	2,910	 2 (1974, 1976)	 1 (1973)	 None	7	1991	[15]
Billy Cunningham*	F/C	13,626	6,638	2,625	 2 (1967, 1983)	 None	 None	4	1986	[16]
Dave DeBusschere*	F/G	14,053	9,618	2,497	 2 (1970, 1973)	 None	 None	8	1983	[17]
Clyde Drexler*		G/F	22,195	6,677	6,125	 1 (1995)	 None	 None	10	2004	[18]
Julius Erving*		F/G	18,364	5,601	3,224	 1 (1983)	 1 (1981)	 None	11	1993	[19]
Patrick Ewing*		C/F	24,815	11,607	2,215	 None	 None	 None	11	2008	[20]
Walt Frazier*		G	15,581	4,830	5,040	 2 (1970, 1973)	 None	 None	7	1987	[21]
George Gervin*		G/F	20,708	3,607	2,214	 None	 None	 None	9	1996	[22]
Hal Greer*		G/F	21,586	5,665	4,540	 1 (1967)	 None	 None	10	1982	[23]
John Havlicek*		F/G	26,395	8,007	6,114	 8 (1963, 1964, 1965, 1966, 1968, 1969, 1974, 1976)	 None	 1 (1974)	13	1984	[24]
Elvin Hayes*		F/C	27,313	16,279	2,398	 1 (1978)	 None	 None	12	1990	[25]
Magic Johnson*		G/F	17,707	6,559	10,141	 5 (1980, 1982, 1985, 1987, 1988)	 3 (1987, 1989, 1990)	 3 (1980, 1982, 1987)	12	2002	[26]
Sam Jones*		G/F	15,411	4,305	2,209	 10 (1959, 1960, 1961, 1962, 1963, 1964, 1965, 1966, 1968, 1969)	 None	 None	5	1984	[27]
Michael Jordan*		G/F	32,292	6,672	5,633	 6 (1991, 1992, 1993, 1996, 1997, 1998)	 5 (1988, 1991, 1992, 1996, 1998)	 6 (1991, 1992, 1993, 1996, 1997, 1998)	14	2009	[28]
Jerry Lucas*		F/C	14,053	12,942	2,732	 1 (1973)	 None	 None	7	1980	[29]
Karl Malone*		F	36,928	14,968	5,248	 None	 2 (1997, 1999)	 None	14	2010	[30]
Moses Malone*		C/F	27,409	16,212	1,796	 1 (1983)	 3 (1979, 1982, 1983)	 1 (1983)	12	2001	[31]
Pete Maravich*		G	15,948	2,747	3,563	 None	 None	 None	5	1987	[32]
Kevin McHale*		F/C	17,335	7,122	1,670	 3 (1981, 1984, 1986)	 None	 None	7	1999	[33]
George Mikan*		C	10,156	4,167	1,245	 5 (1949, 1950, 1952, 1953, 1954)	 None	 None	4	1959	[34]
Earl Monroe*		G	17,454	2,796	3,594	 1 (1973)	 None	 None	4	1990	[35]
Hakeem Olajuwon*  C	26,946	13,748	3,058	 2 (1994, 1995)	 1 (1994)	 2 (1994, 1995)	12	2008	[36]
Shaquille O'Neal  C	28,596	13,099	3,026	 4 (2000, 2001, 2002, 2006)	 1 (2000)	 3 (2000, 2001, 2002)	15	 —	[37]
Robert Parish*  C	23,334	14,715	2,180	 4 (1981, 1984, 1986, 1997)	 None	 None	9	2003	[38]
Bob Pettit*  F/C	20,880	12,849	2,369	 1 (1958)	 2 (1956, 1959)	 None	11	1971	[39]
Scottie Pippen*  F/G	18,940	7,494	6,135	 6 (1991, 1992, 1993, 1996, 1997, 1998)	 None	 None	7	2010	[40]
Willis Reed*  C/F	12,183	8,414	1,186	 2 (1970, 1973)	 1 (1970)	 2 (1970, 1973)	7	1982	[41]
Oscar Robertson*  G/F	26,710	7,804	9,887	 1 (1971)	 1 (1964)	 None	12	1980	[42]
David Robinson*  C	20,790	10,497	2,441	 2 (1999, 2003)	 1 (1995)	 None	10	2009	[43]
Bill Russell*  C	14,522	21,620	4,100	 11 (1957, 1959, 1960, 1961, 1962, 1963, 1964, 1965, 1966, 1968, 1969)	 5 (1958, 1961, 1962, 1963, 1965)	 None	12	1975	[44]
Dolph Schayes*  F/C	18,438	11,256	3,072	 1 (1955)	 None	 None	12	1973	[45]
Bill Sharman*  G	12,665	2,779	2,101	 4 (1957, 1959, 1960, 1961)	 None	 None	8	1976	[46]
John Stockton*  G	19,711	4,051	15,806	 None	 None	 None	10	2009	[47]
Isiah Thomas*  G	18,822	3,478	9,061	 2 (1989, 1990)	 None	 1 (1990)	12	2000	[48]
Nate Thurmond*  C/F	14,437	14,464	2,575	 None	 None	 None	7	1985	[49]
Wes Unseld*  C/F	10,624	13,769	3,822	 1 (1978)	 1 (1969)	 1 (1978)	5	1988	[50]
Bill Walton*  C/F	6,215	4,923	1,590	 2 (1977, 1986)	 1 (1978)	 1 (1977)	2	1993	[51]
Jerry West*  G/F	25,192	5,366	6,238	 1 (1972)	 None	 1 (1969)	14	1980	[52]
Lenny Wilkens*  G	17,772	5,030	7,211	 1 (1979)	 None	 None	9	1989	[53]
James Worthy*  F	16,320	4,708	2,791	 3 (1985, 1987, 1988)	 None	 1 (1988)	7	2003